8332
2219
9152
8515
2142
9719
9220
2989
6691
3773
1877
5924
3506
2695
5921
9935
9617
9968
9683
9709
2418
7532
9735
9829
9614
1988
5368
8182
8202
3673
2276
1043
4795
2012
9241
6757
8129
8905
9635
5532
6901
8181
1321
4251
8642
2907
9405
7132
7108
4588
7819
7665
7688
5272
4530
4798
6899
2564
2540
3717
7354
8175
1286
3848
3492
8851
1415
2342
1874
9946
8411
8397
7253
2126
3853
7873
9551
5415
1310
6972
4948
2133
4434
2891
7889
1460
8156
1327
2681
4678
5407
5121
5010
5388
6816
8145
7384
9287
7792
8267
